[log] nq: 2, nv: 2, nu: 1
[log] x: [3.14159265 0.         0.         0.        ], u: [0.] controllable?: True
[log] K shape: (1, 4)
[[66796321.2711811]]
[-1118.38662671]
[-1118.15028522]
[-1117.91110581]
[-1117.66987427]
[-1117.42772416]
[-1117.18627913]
[-1116.94777101]
[-1116.71513511]
[-1116.49208362]
[-1116.28315805]
[-1116.09376098]
[-1115.93016774]
[-1115.79951814]
[-1115.70978887]
[-1115.66974719]
[-1115.68888679]
[-1115.77734758]
[-1115.94582103]
[-1116.20544399]
[-1116.56768372]
[-1117.04421803]
[-1117.64681437]
[-1118.38721194]
[-1119.2770112]
[-1120.32757455]
[-1121.54994174]
[-1122.95476276]
[-1124.55225036]
[-1126.35215306]
[-1128.36374911]
[-1130.59586033]
[-1133.05688466]
[-1135.75484494]
[-1138.69745161]
[-1141.89217628]
[-1145.34633343]
[-1149.0671674]
[-1153.06194212]
[-1157.33803131]
[-1161.90300755]
[-1166.76472841]
[-1171.93141904]
[-1177.41175011]
[-1183.21491109]
[-1189.35067841]
[-1195.82947882]
[-1202.6624478]
[-1209.86148354]
[-1217.43929645]
[-1225.40945449]
[-1233.7864243]
[-1242.58560816]
[-1251.82337639]
[-1261.5170948]
[-1271.68514635]
[-1282.34694607]
[-1293.52294763]
[-1305.23463984]
[-1317.50453047]
[-1330.35611454]
[-1343.81382322]
[-1357.90294881]
[-1372.64954014]
[-1388.08026163]
[-1404.22220801]
[-1421.10266485]
[-1438.74880354]
[-1457.18729722]
[-1476.44384198]
[-1496.54256518]
[-1517.50530051]
[-1539.35070672]
[-1562.09320518]
[-1585.74170992]
[-1610.29812372]
[-1635.75557575]
[-1662.09638109]
[-1689.28971183]
[-1717.28898481]
[-1746.02899417]
[-1775.42285045]
[-1805.35883286]
[-1835.69731923]
[-1866.26802799]
[-1896.86788447]
[-1927.25990164]
[-1957.17352952]
[-1986.30695652]
[-2014.33181655]
[-2040.90063906]
[-2065.65715855]
[-2088.24927086]
[-2108.3440145]
[-2125.64352504]
[-2139.90055237]
[-1682.60145868]
[-1690.29808546]
[-1694.63002389]
[-1695.64641507]
[-1693.4701024]
[-1688.28783226]
[-1680.33729406]
[-1669.89251536]
[-1657.24909711]
[-1642.71052883]
[-1626.57645407]
[-1609.13335724]
[-1590.6477882]
[-1571.36197318]
[-1551.49149131]
[-1531.22461606]
[-1510.72290987]
[-1490.12269332]
[-1469.53706851]
[-1449.05824219]
[-1428.75995841]
[-1408.69990753]
[-1388.92202489]
[-1369.45862904]
[-1350.33237723]
[-1331.55803518]
[-1313.14407279]
[-1295.09410653]
[-1277.40821645]
[-1260.08417009]
[-1243.11858972]
[-1226.50810229]
[-1210.25051479]
[-1194.34606025]
[-1178.79876186]
[-1163.61796263]
[-1148.82006402]
[-1134.430505]
[-1120.48598847]
[-1107.03691638]
[-1094.14992031]
[-1081.91026194]
[-1070.42372459]
[-1059.81743599]
[-1050.2388924]
[-1041.8523765]
[-1034.83209472]
[-1029.35182544]
[-1025.57171192]
[-1023.62390529]
[-1023.59968112]
[-1025.5409064]
[-1029.43798753]
[-1035.2348209]
[-1042.83943374]
[-1052.13771976]
[-1063.00739209]
[-1075.3298987]
[-1088.9991085]
[-1103.92658667]
[-1120.0439507]
[-1137.3030875]
[-1155.67501729]
[-1175.14804458]
[-1195.72564723]
[-1217.42438166]
[-1240.27194934]
[-1264.30547863]
[-1289.57001893]
[-1316.11721125]
[-1344.00408097]
[-1373.29188975]
[-1404.04497755]
[-1436.32952149]
[-1470.2121332]
[-1505.75820923]
[-1543.02994046]
[-1582.08387528]
[-1622.96791948]
[-1665.71764303]
[-1710.35175392]
[-1756.86659499]
[-1805.2295263]
[-1855.37108292]
[-1907.17585648]
[-1960.47215502]
[-2015.02066877]
[-2070.50263]
[-2126.50831914]
[-2182.52723943]
[-2237.94182697]
[-2292.0270995]
[-2343.9590141]
[-2392.83426204]
[-2437.70349081]
[-2477.61827646]
[-2511.68956146]
[-2539.15210911]
[-2559.42665302]
[-2103.83948152]
[-2108.97349986]
[-2106.6880519]
[-2097.41692032]
[-2081.79211953]
[-2060.58492471]
[-2034.64330806]
[-2004.83418452]
[-1971.99612577]
[-1936.90508935]
[-1900.25309637]
[-1862.63808678]
[-1824.56239473]
[-1786.43719672]
[-1748.59061278]
[-1711.27764541]
[-1674.69066233]
[-1638.96958289]
[-1604.21128096]
[-1570.47797196]
[-1537.80452232]
[-1506.20472664]
[-1475.67665952]
[-1446.20724146]
[-1417.77617198]
[-1390.3593873]
[-1363.93219902]
[-1338.47226792]
[-1313.9625638]
[-1290.39445633]
[-1267.77106976]
[-1246.11100679]
[-1225.45249034]
[-1205.8578661]
[-1187.41822676]
[-1170.25763633]
[-1154.53604148]
[-1140.44950282]
[-1128.22600814]
[-1118.11512487]
[-1110.37049098]
[-1105.225905]
[-1102.86835515]
[-1103.41375471]
[-1106.89192193]
[-1113.24539524]
[-1122.34247488]
[-1134.00045399]
[-1148.01255711]
[-1164.17247192]
[-1182.29268503]
[-1202.21555254]
[-1223.81800109]
[-1247.01163861]
[-1271.74010026]
[-1297.97507432]
[-1325.71196804]
[-1354.96575454]
[-1385.76724228]
[-1418.15982088]
[-1452.19663224]
[-1487.93806393]
[-1525.44944014]
[-1564.79877913]
[-1606.05448463]
[-1649.2828391]
[-1694.54516458]
[-1741.89451301]
[-1791.3717423]
[-1843.00082903]
[-1896.78326588]
[-1952.69139744]
[-2010.66056671]
[-2070.57998808]
[-2132.28234224]
[-2195.53222184]
[-2260.01376403]
[-2325.31810646]
[-2390.93171182]
[-2456.22711777]
[-2520.45824301]
[-2582.76291459]
[-2642.17559264]
[-2697.65308899]
[-2748.11510177]
[-2792.49939478]
[-2829.82848117]
[-2859.28122138]
[-2880.25980385]
[-2424.11089375]
[-2427.47461308]
[-2422.29899328]
[-2409.13032795]
[-2388.72837898]
[-2361.99915417]
[-2329.92533438]
[-2293.50318351]
[-2253.69162104]
[-2211.37577121]
[-2167.34459221]
[-2122.280494]
[-2076.75812557]
[-2031.24949148]
[-1986.13294233]
[-1941.70413022]
[-1898.18757056]
[-1855.7479245]
[-1814.50048412]
[-1774.52060851]
[-1735.85203964]
[-1698.5141426]
[-1662.50818518]
[-1627.82281162]
[-1594.4388869]
[-1562.33389895]
[-1531.4861122]
[-1501.87866743]
[-1473.50382046]
[-1446.36749743]
[-1420.49430642]
[-1395.93306153]
[-1372.76271466]
[-1351.09831092]
[-1331.09614968]
[-1312.95674338]
[-1296.92352031]
[-1283.27479423]
[-1272.30682132]
[-1264.30736329]
[-1259.52228644]
[-1258.12156808]
[-1260.17366697]
[-1265.63632944]
[-1274.36701599]
[-1286.14947013]
[-1300.72813067]
[-1317.84134613]
[-1337.24711897]
[-1358.73908906]
[-1382.1536115]
[-1407.37032005]
[-1434.3087609]
[-1462.92316582]
[-1493.19673096]
[-1525.13615804]
[-1558.76678513]
[-1594.12837137]
[-1631.27145908]
[-1670.2541712]
[-1711.13927839]
[-1753.99136682]
[-1798.87394122]
[-1845.84630249]
[-1894.96004144]
[-1946.25499063]
[-1999.75447506]
[-2055.4597028]
[-2113.34314268]
[-2173.34075324]
[-2235.34296525]
[-2299.18438975]
[-2364.63234175]
[-2431.37445496]
[-2499.00593582]
[-2567.01738447]
[-2634.78459771]
[-2701.56234127]
[-2766.48465407]
[-2828.57466971]
[-2886.76696235]
[-2939.94473315]
[-2986.99246787]
[-3026.86193464]
[-3058.64588624]
[-3081.65044602]
[-2627.12466007]
[-394.84637551]
[-390.23966023]
[-377.03333957]
[-355.97319462]
[-327.98127127]
[-294.08245925]
[-255.33516327]
[-212.77318451]
[-167.36235487]
[-119.97233795]
[-71.36187593]
[-22.17469005]
[27.05699099]
[90.70967416]
[150.17595677]
[205.55552722]
[257.01088934]
[304.74114681]
[348.96364899]
[389.90144689]
[427.77496308]
[462.79667116]
[495.16789655]
[525.07709305]
[552.69913187]
[578.19527385]
[601.71359268]
[623.38968685]
[643.34756733]
[661.70064277]
[678.55274825]
[693.99917943]
[708.12770523]
[721.01953885]
[732.75025132]
[743.39061442]
[753.00736192]
[761.66385943]
[769.42067511]
[776.33604579]
[782.46623611]
[787.86579148]
[792.58769013]
[796.68340288]
[800.20287367]
[803.19443621]
[805.70468465]
[807.77831673]
[809.45796737]
[810.78404896]
[811.79461232]
[812.52523855]
[813.00896903]
[813.27627704]
[813.35508157]
[813.27080117]
[813.04644386]
[812.70272776]
[812.25822627]
[811.72953159]
[811.13143038]
[810.47708593]
[809.77822176]
[809.04530234]
[808.28770745]
[807.51389727]
[806.73156602]
[805.94778274]
[805.16911808]
[804.40175651]
[803.65159394]
[802.92432067]
[802.22549036]
[801.56057547]
[800.93501029]
[800.35422236]
[799.82365385]
[799.34877386]
[798.93508333]
[798.58811402]
[798.31342291]
[798.11658363]
[798.00317639]
[797.97877753]
[798.04895014]
[798.21923661]
[798.495154]
[798.88219297]
[799.3858206]
[800.01148744]
[800.76463889]
[801.65073081]
[802.67524902]
[803.84373267]
[805.16180075]
[806.6351815]
[808.2697443]
[810.07153338]
[812.04680316]
[814.20205471]
[816.54407304]
[819.07996493]
[821.81719711]
[824.76363457]
[827.92757894]
[831.31780683]
[834.94360807]
[838.81482382]
[842.94188445]
[847.33584728]
[852.00843393]
[856.97206723]
[862.23990756]
[867.82588816]
[873.74474925]
[880.01207026]
[886.64429955]
[893.65878075]
[901.07377457]
[908.90847458]
[917.18301531]
[925.91847034]
[935.13683769]
[944.86100926]
[955.11472012]
[965.92247298]
[977.30943185]
[989.30127791]
[1001.9240194]
[1015.20374569]
[1029.16631419]
[1043.83695708]
[1059.23979273]
[1075.39722533]
[1092.32921418]
[1110.05239312]
[1128.5790203]
[1147.91573873]
[1168.06213132]
[1189.00905909]
[1210.73678025]
[1233.21286207]
[1256.3899173]
[1280.20322446]
[1304.56832693]
[1329.3787491]
[1354.50401788]
[1379.78822988]
[1405.04945209]
[1430.08027563]
[1454.64984542]
[1478.50764595]
[1501.38922263]
[1523.02385111]
[1543.14393899]
[1561.49567865]
[1577.85020894]
[1123.68385594]
[1135.50933973]
[1144.8997018]
[1151.81395038]
[1156.26678017]
[1158.32535427]
[1158.10313901]
[1155.75157095]
[1151.45049154]
[1145.39828452]
[1137.80252238]
[1128.87171908]
[1118.80854912]
[1107.80467194]
[1096.03712405]
[1083.66611905]
[1070.83402822]
[1057.66529035]
[1044.26700733]
[1030.73000958]
[1017.13021195]
[1003.53011933]
[989.98037798]
[976.52129954]
[963.1843109]
[949.99330293]
[936.9658664]
[924.11441437]
[911.44719825]
[898.96922987]
[886.68312617]
[874.58989521]
[862.68968472]
[850.98251587]
[839.46902665]
[828.15125085]
[817.03345981]
[806.12309501]
[795.43181887]
[784.97670769]
[774.78160333]
[764.87862436]
[755.30981185]
[746.12884289]
[737.4026845]
[729.21297867]
[721.65685231]
[714.84674934]
[708.90882016]
[703.9794291]
[700.19951332]
[697.70688907]
[696.62713279]
[697.06424096]
[699.09267592]
[702.75240077]
[708.04798793]
[714.95197633]
[723.41167851]
[733.35796521]
[744.71438355]
[757.40525779]
[771.36196775]
[786.52716089]
[802.85706955]
[820.3223275]
[838.90773763]
[858.61139659]
[879.44349068]
[901.42497834]
[924.58628937]
[948.96610644]
[974.61024927]
[1001.57065244]
[1029.90440922]
[1059.67284243]
[1090.9405561]
[1123.77441531]
[1158.24239685]
[1194.41224663]
[1232.34987309]
[1272.11739711]
[1313.77076981]
[1357.35685965]
[1402.90990129]
[1450.44719219]
[1499.96392218]
[1551.4270308]
[1604.7680132]
[1659.87464723]
[1716.58170323]
[1774.66083819]
[1833.8100815]
[1893.64360254]
[1953.6828122]
[2013.35027153]
[2071.96830553]
[2128.76454246]
[2182.88665323]
[2233.42814641]
[2279.46598789]
[2320.10898622]
[2354.55348332]
[2382.14041824]
[2402.40606965]
[1946.78806092]
[1951.96335379]
[1949.85823735]
[1940.9416017]
[1925.84955417]
[1905.33184318]
[1880.19737954]
[1851.26519847]
[1819.32487915]
[1785.10802655]
[1749.27048991]
[1712.38377369]
[1674.93355808]
[1637.32320981]
[1599.88042616]
[1562.86554418]
[1526.48044955]
[1490.87737212]
[1456.16713592]
[1422.42663782]
[1389.705472]
[1358.03171053]
[1327.41690773]
[1297.86042819]
[1269.35321531]
[1241.88112416]
[1215.42794531]
[1189.97824617]
[1165.52015524]
[1142.04821185]
[1119.56639655]
[1098.09144]
[1077.65647194]
[1058.31500217]
[1040.14510392]
[1023.25347469]
[1007.77876711]
[993.89322385]
[981.80128769]
[971.73365641]
[963.93548085]
[958.64835643]
[956.0875343]
[956.41799634]
[959.73472164]
[966.05243807]
[975.30787423]
[987.37379718]
[1002.08072602]
[1019.24071707]
[1038.66834262]
[1060.19605524]
[1083.68331363]
[1109.02034423]
[1136.12804858]
[1164.95556477]
[1195.47667112]
[1227.68582685]
[1261.5943048]
[1297.22662607]
[1334.61735089]
[1373.80819092]
[1414.84536421]
[1457.77709564]
[1502.65116217]
[1549.51238523]
[1598.39997861]
[1649.34466767]
[1702.36550328]
[1757.46630341]
[1814.63166673]
[1873.82251814]
[1934.9711677]
[1997.97589441]
[2062.69510721]
[2128.94119101]
[2196.47421768]
[2264.99579343]
[2334.14342597]
[2403.48592461]
[2472.52048735]
[2540.67226691]
[2607.29731667]
[2671.68986103]
[2733.09476283]
[2790.72581712]
[2843.79003745]
[2891.51740046]
[2933.19461903]
[2968.20055014]
[2996.04002]
[2548.04193611]
[2560.70114233]
[2565.70414939]
[2563.24733266]
[2553.69089698]
[2537.53368276]
[2515.38156139]
[2487.91304995]
[2455.8455185]
[2419.90464029]
[2380.79879703]
[2339.199228]
[2295.72595311]
[2250.93897212]
[2205.33394184]
[2159.34141875]
[2113.32877032]
[2067.60395366]
[2022.42049201]
[1977.98312181]
[1934.4537175]
[1891.95721896]
[1850.58738604]
[1810.41228485]
[1771.47947494]
[1733.8209176]
[1697.45766711]
[1662.40444008]
[1628.67418649]
[1596.28280708]
[1565.25417326]
[1535.62559856]
[1507.4538679]
[1480.82182594]
[1455.84531833]
[1432.6799217]
[1411.52635323]
[1392.63274073]
[1376.29122479]
[1362.82605734]
[1352.57110137]
[1345.83704677]
[1342.87269463]
[1343.82891732]
[1348.7357356]
[1357.50018641]
[1369.92580567]
[1385.74718211]
[1404.66916323]
[1426.40129157]
[1450.68216455]
[1477.29281064]
[1506.0610296]
[1536.85965939]
[1569.60150498]
[1604.2329192]
[1640.72724895]
[1679.07875818]
[1719.29724743]
[1761.40336706]
[1805.42451277]
[1851.39115054]
[1899.33341271]
[1949.27781782]
[2001.24398431]
[2055.24122721]
[2111.26494583]
[2169.29272948]
[2229.28012822]
[2291.1560584]
[2354.81784029]
[2420.12589871]
[2486.89820117]
[2554.9045619]
[2623.86100839]
[2693.42448975]
[2763.18830525]
[2832.67874354]
[2901.35354431]
[2968.60291089]
[3033.75389444]
[3096.07900454]
[3154.80983149]
[3209.15623893]
[3258.33125072]
[1064.80783637]
[1101.44570673]
[1130.88695872]
[1152.68244638]
[698.21594543]
[704.04505642]
[701.9256747]
[692.12857948]
[675.09144271]
[651.39139704]
[621.71104012]
[586.80168113]
[547.44739239]
[504.43268425]
[458.51563462]
[410.40731684]
[360.75754798]
[310.14639936]
[259.08057633]
[207.99364418]
[157.24909391]
[107.14534902]
[57.92196584]
[9.76644439]
[-37.17877815]
[-91.99900124]
